35540
23992
22460
27287
22669
27281
13731
22665
49913
22661
26372
43279
3727
10891
51828
19392
50649
50643
38845
39100
3991
48895
25063
51286
25064
52267
51768
42451
35431
42456
42244
4730
6792
13608
46132
2310
25667
5853
46905
28991
295
26485
291
52008
25288
16253
23442
19971
51840
4651
17382
43983
16706
17386
17385
51063
26156
43699
26151
25592
26394
47257
51111
26390
51112
46001
52137
9528
17035
52131
50983
49766
49764
42902
7866
46791
38433
52483
102
39922
52488
45689
52712
2041
41901
45685
49142
45448
9418
45444
45113
6376
11125
14138
45667
44248
20527
44791
39698
45669
9329
39069
10380
49301
46860
42830
49302
24087
46866
8940
16927
37559
8944
21721
18066
18854
36538
37002
3515
11086
36029
37834
6202
36957
40181
48235
14621
41693
26978
48785
6802
48148
49942
10564
48414
48142
48411
3206
49787
39745
39743
24158
49412
48096
36153
36151
45068
8834
14723
18925
41765
2865
33856
30322
50311
22815
30636
12948
33692
309
26807
12947
20252
5050
7070
20257
5457
37774
44423
14391
14399
30744
35158
47219
31129
31126
13941
4253
23503
47213
50099
38780
18142
18147
18146
39595
37127
1282
11165
50257
44705
14401
14403
31232
31231
47505
688
31235
1573
29102
50895
50894
34798
34792
40410
23612
51478
23610
47324
23615
34553
6572
44936
41805
35939
403
1379
1378
31546
23291
48842
45874
23475
35067
3838
47034
5991
22679
27374
13877
49398
11571
28989
50676
11379
51271
51272
50678
7522
50077
33969
44018
24706
36414
19415
39177
16663
43740
51290
43866
43864
51298
390
35441
35440
35443
22017
23873
46129
41730
10978
30389
2302
13610
25610
19707
16060
5841
41731
17622
3748
25663
34196
4620
51601
19968
22700
25431
4629
16712
248
25125
22709
46012
43682
27274
19560
51105
11590
43516
43513
43042
37684
49778
20886
52100
20883
9536
9535
9534
46271
46272
9530
25545
17539
17286
38429
17536
39917
46783
4828
36301
13441
36306
48127
11623
10629
7982
11620
21934
31663
49174
11629
42488
42331
21846
26032
24094
39885
42804
31164
44783
20085
36498
20083
24833
10390
10394
21842
52741
10399
9621
37783
50280
18848
16937
36543
37548
43988
18841
14895
14894
44654
21737
16938
7217
6216
45272
48315
36782
2696
45415
42155
14658
40170
9757
21066
20399
14093
20461
48422
48133
38384
51849
20467
48136
7325
3230
7327
10088
49793
21420
39774
10084
25440
1961
5193
49799
13267
18447
45092
41770
18719
41777
41779
18716
2878
37047
3356
3353
52392
7665
38181
20268
47376
42358
51415
37764
37765
37762
44437
37948
37949
30246
30247
6963
30755
44457
47206
8627
23514
26780
23041
39342
23722
34091
39581
24393
47684
50249
39588
34098
50712
50245
26707
31591
543
52391
30332
50882
50885
23602
27774
48947
49648
8022
9987
8533
7563
48759
5618
44925
38361
7449
6564
6566
38165
47492
21727
35922
48052
27031
3325
23461
38057
35217
8442
3040
11560
22395
22394
11566
11567
26551
50066
35321
39168
50065
35850
35327
22247
47080
48756
39166
47081
22027
47871
51917
19606
1777
35452
6174
45162
23868
43324
23860
4757
39014
24602
52482
27156
5879
27151
21129
51842
46466
51829
22900
38983
21405
22735
36220
22113
51827
25425
42032
44034
42036
46067
37619
19594
43520
43035
20890
20726
19147
21383
21380
21198
21385
21384
52606
49098
36317
16832
36312
19822
166
49092
25558
49544
51847
48362
6353
13459
47107
6358
52021
23346
11638
37280
44666
11633
46515
46846
42212
46843
47103
36958
42817
9348
20091
45314
45315
45864
36482
22813
3532
3535
13181
13183
10361
52755
14880
43318
45798
45799
45262
42920
36799
42928
20384
44682
47230
18549
18894
40166
44688
26952
14082
1153
48123
10504
39769
39764
21419
27100
3220
36178
44226
8853
36176
36172
38281
2841
52725
40098
26828
27802
14269
3328
40093
26825
5274
10187
38754
37198
5272
10182
37194
7050
37196
38750
37998
38686
37752
37751
47936
37979
30502
30507
30762
45463
17996
44247
30769
24732
27527
8631
26737
38280
24547
39376
39375
18369
16022
47449
24381
39042
17993
29121
50273
24630
3036
31583
52163
34316
31581
31212
31213
28990
50271
47520
31567
47305
13855
35045
52632
46789
48390
9991
12850
12853
34537
44913
26601
35914
35913
52286
9326
6512
11038
11039
429
52288
31106
21338
21662
35136
34103
10388
47786
39487
35590
23491
46187
43203
34622
43207
23705
16999
22387
8458
13988
13985
11351
4296
4292
44647
51589
39390
23388
16649
22032
22038
25701
35468
6169
7263
6163
13065
51631
51632
51633
43336
13671
43444
13677
27129
19763
39021
36847
24613
25638
27121
28931
5863
16734
46111
25142
52349
25144
27254
52340
25418
13626
38996
22724
226
13514
4602
34629
43536
40534
42005
42556
42002
48242
27237
44917
43840
52236
6694
39971
21620
49553
52161
47807
46210
48936
2437
52695
52694
7839
16354
25564
17514
25091
25097
6344
5473
25763
13464
11648
25762
6183
42312
11642
11645
49155
9426
5289
45638
17775
48208
46855
44540
5282
45327
5284
52769
36964
21710
43413
21245
7940
37562
10379
5046
39806
20666
16294
36566
36563
8994
46172
50511
21395
21396
9516
42773
48336
27355
36760
6233
27491
20446
20444
48445
52714
44694
18557
14675
34975
45749
26945
26946
44693
49424
14074
49427
9773
39719
52540
9289
24169
18954
8861
9284
49653
24162
10247
44234
39955
36106
30192
12931
12936
35137
30197
44342
44343
1251
18777
3330
1497
27839
27838
20281
10197
5262
10190
1709
50805
18398
37962
48728
49867
35611
6986
37986
18377
37984
33956
30280
24571
39367
36586
14696
17984
39567
3025
35341
34982
30350
37093
34986
8738
30607
1014
30358
30359
529
45065
1237
31557
50868
4196
35057
48095
13862
8518
34508
50196
50197
8280
50764
12847
8289
14522
50460
26618
25975
26615
44900
26611
38382
2486
34189
23062
34186
22623
22625
3804
35271
23482
3802
34613
8463
11341
8465
23244
23246
47007
50997
19111
23311
6432
24751
51026
27007
50685
27000
30979
48726
49891
50048
7553
31394
28885
26420
39388
39389
51939
51932
49890
22282
35670
22289
35678
4779
43309
43308
4170
48386
39038
39039
27014
39034
27133
51035
16034
47606
27135
16217
24979
35222
19241
51802
51801
46443
17345
17342
19939
17341
25390
25392
239
38964
27012
22757
18829
42010
26192
24196
26196
23938
42541
27226
43786
10837
27225
43834
27221
35866
20708
52179
17501
21873
36373
19807
42298
49195
21090
25570
42307
42301
35728
16699
7961
43167
17183
37504
17766
3346
38801
29000
49183
38558
49181
38810
39819
39814
9160
52579
1836
3796
9560
46990
42940
938
46221
9568
45241
42948
45243
48326
27482
45752
20456
27485
18561
33720
45759
9709
14066
49450
49981
38603
38604
24119
8870
49898
7319
7315
37354
7310
39704
37350
36975
36118
48212
18417
6604
36110
48218
44575
44576
30164
49193
30166
18989
44578
42164
1483
7033
48074
20297
14200
5497
20290
48073
1712
21501
49853
35500
48587
36606
36604
40141
46096
23506
37222
40219
40214
47211
4060
30707
24568
14334
14333
7786
39215
7783
33949
49745
44940
42206
24369
7144
39552
39551
7140
42200
44375
44372
44371
44370
1006
52148
47817
1000
34046
4188
34517
23657
34519
23655
31540
50856
4186
38374
27729
6531
48915
27723
26669
30497
40648
44975
44974
38390
47255
40564
23017
31165
35117
17880
24291
24294
39026
35536
3874
45982
26526
24249
47075
51733
24741
51030
48868
51036
14
6405
5715
44808
48865
27034
28898
50038
37266
44802
25631
31386
28891
50033
31382
35807
35489
49365
50321
35483
35482
23837
23836
43316
6746
13654
13656
22296
26716
22522
46809
22293
13896
5709
26459
49446
49786
5809
19038
50142
5801
5800
19032
16025
39047
19031
203
49409
51815
44660
46182
17372
52360
25162
49353
52364
29101
22749
38978
38521
25367
17352
52687
46052
38522
43791
10824
19637
52219
51142
47911
52213
51929
52211
48605
49536
21645
21648
31461
3490
13401
16374
20695
19812
26075
42376
48263
26274
26272
42791
48265
43176
43171
5065
5064
10356
20604
20607
20606
52784
46527
9377
52782
17153
38807
17150
49199
17155
25212
9177
38559
39821
38809
1827
34497
13312
46230
27349
42209
17087
36291
42204
6251
36740
36746
36744
45762
45767
20934
48465
33710
48463
44564
42550
48669
45296
12825
20115
14051
48661
3278
833
831
835
8884
21463
37342
2939
37433
52124
48261
44325
20595
44748
44211
18403
13225
44935
14235
26857
26859
38706
7029
50250
10221
27585
49847
30571
49843
30575
39609
30579
34853
21519
37722
13138
40268
34291
7282
40261
18192
15947
40266
7798
39547
23984
33785
18354
155
48719
20334
20337
38513
47800
38018
20332
26986
27458
27586
18750
49657
44365
37650
46604
40686
30372
30375
37658
12860
34072
40465
52162
34077
38215
12868
42380
47660
23133
23646
31536
6522
30392
23296
45594
5650
41930
14549
48440
14541
26673
50443
44967
26674
44965
38129
31159
23005
17892
31624
46689
35106
23735
31443
31449
11322
26519
47061
23226
26510
7571
50530
51558
19137
51006
3948
19132
51001
50846
50022
35079
7779
19486
22474
35495
35492
8314
37712
40031
23829
22511
23358
37088
37336
11259
11254
11250
18270
9926
22190
49346
47806
22772
43960
22175
19790
39710
48106
22179
43569
49010
43566
44312
17216
5902
17217
5907
51772
27204
43767
38856
3488
49059
38494
21678
3481
30873
52423
21673
42693
21079
16300
21077
47564
21072
42363
11672
21984
39545
45425
52582
11470
46428
6188
52379
43107
2779
10322
10325
7656
20614
10326
43462
5019
2772
36969
48639
46884
21219
25207
16412
52555
52557
17141
25196
44089
13304
42183
13300
20851
4969
52158
42961
42963
911
910
42211
48200
49470
20925
45777
24359
3261
3260
21454
13179
39727
48674
20102
42988
21458
22982
39172
22985
50170
45658
17969
48272
20580
49728
48276
51070
48274
47966
13233
52125
13231
44551
44556
5048
30494
18213
30496
21841
9034
9035
29097
29095
48017
27844
37240
37715
39618
24006
20031
30540
44171
33701
52127
40125
36624
36623
40278
22796
755
35941
47472
24345
31098
39532
24341
6880
39536
3078
18320
18322
33960
2952
27446
47876
38004
48579
7167
38000
40682
44198
52165
37886
40696
44392
4361
12897
27484
31527
18037
18036
30819
30818
47581
39283
47584
40678
47586
39444
39441
638
38139
47279
43645
31141
31143
13867
47272
31146
38135
13783
4091
23212
22348
35714
4098
22614
23219
22341
51553
26500
11316
47663
34667
34664
991
35390
35825
50542
35823
27692
44824
7585
7586
39190
51016
13614
27632
38220
31033
35009
51083
19490
45745
4726
3927
26949
48437
34717
26476
23360
8300
47129
35627
23692
39063
23696
51302
23694
5828
4143
36076
24658
24659
39261
50166
50962
44695
44124
22186
38956
44125
51979
22766
38953
42511
22164
26770
16572
22168
38245
25753
51164
7268
51168
42874
46366
51767
19650
19651
16174
46821
43775
10801
25741
51769
21848
38487
24838
38485
52415
17555
38489
17553
17552
193
46093
16319
6382
13427
3677
3674
19875
21992
31255
11447
45800
52407
43116
12794
39841
49605
49606
47841
45165
3589
20625
1453
2767
20620
34459
16952
49075
17131
24168
21207
17137
36721
45560
16794
45564
45569
21193
48504
4421
42739
20823
6070
42730
42221
9554
44459
49287
49461
49467
45707
46946
51854
20139
21335
49260
27524
3295
1904
5134
48646
10792
39991
22975
25127
22972
42645
46890
36231
36434
36388
42648
41992
41993
45014
27871
26874
44541
44543
20007
18812
14144
9027
20558
9023
37700
44495
34705
30551
18688
46398
21531
36659
13110
18516
14812
33777
22881
44168
40113
36718
24331
48731
24335
48735
47256
24338
33915
14364
20313
47863
20311
27470
20319
45948
38036
38035
716
44382
37672
31285
40487
10319
47607
40482
11047
8249
18022
26655
24487
39293
34384
8245
38106
14761
26890
26891
7579
29064
7046
30736
1475
52067
47262
47263
34471
31604
34124
23202
47043
31467
23754
3592
47048
50486
50955
34128
35701
39184
47287
27040
47285
50659
39182
5748
4225
48972
39189
11306
49674
25923
24303
27688
14215
7595
46372
28
5588
23115
31515
31042
31511
35015
47743
5028
7272
25828
25829
22574
51719
52692
51680
11276
49900
23379
13681
35636
50925
43341
6711
51371
24666
39072
11114
24663
37621
50027
5695
24469
40388
41911
25354
38920
40389
19202
5305
35527
22151
22155
16541
22406
13753
13752
38855
26316
23977
22080
51209
22087
51754
22088
25752
19664
51203
25531
16324
52408
42235
21830
52823
17230
19685
51992
21056
23820
40019
45574
43120
52088
52089
42344
42345
27316
27314
52311
52316
43904
52315
11457
11451
20639
21941
46370
48349
30674
3598
17438
16433
38589
17129
42880
43368
17122
25225
17121
38587
7916
38585
25223
4944
973
36734
45575
6285
6286
52798
26131
43634
42487
189
20126
20949
45713
2628
52627
27298
7354
3289
46974
1911
9589
5106
26036
17058
38454
42721
50265
861
2024
46576
2026
42655
46573
51709
36930
36424
36390
36392
27860
14799
44029
48033
45652
44021
44027
20546
45650
45392
46988
45390
20017
19432
39679
24060
24065
20494
20495
9884
44628
33769
45710
26792
26794
30585
30589
34263
38024
42974
24326
24327
38022
38023
6864
48725
3054
48222
38028
48722
2975
49925
49924
45958
5364
47856
27466
45953
3983
31290
36073
8251
34001
40491
18013
37469
18011
37847
33831
24492
46870
39468
31610
14773
31612
38118
24257
17846
34981
7612
34468
29052
1468
15995
34461
39785
38060
51697
44658
34647
31474
31475
23764
35736
1319
31473
47530
6917
51560
5755
31184
45808
5758
34325
6448
50566
44842
46817
27672
49209
25812
25810
35029
45788
23169
38205
35023
38201
50763
35020
13694
22560
38784
22567
19478
22569
35358
26413
51690
51696
36019
26414
51695
34734
47314
37541
23305
43357
49381
24672
46677
24676
42158
4127
49383
22365
49044
36293
22363
35283
35282
52593
38933
25327
38938
34058
35513
48250
6671
47767
35514
52280
22413
22142
51165
13745
23780
27250
11514
51170
11510
22092
27091
46579
51218
22095
51961
19672
51742
51507
36352
21041
882
37563
52431
50944
19692
39856
25784
25032
289
43138
42401
18108
46419
10914
52329
50724
46143
11427
43768
5029
21957
21954
17442
21950
52500
7298
45493
49669
5024
2589
10641
4440
43765
36099
1869
4449
16426
16427
38844
25256
42717
42240
51677
42245
4935
26350
36255
42248
38633
4688
51895
11734
6059
42081
31488
52181
43620
52186
6053
42088
5117
39316
46082
48628
14015
5119
44901
49958
49248
49718
37479
49242
44700
38441
17599
22957
38499
42667
42666
42887
4846
42668
42883
2038
45033
45032
44529
39772
47986
14904
5204
5207
50710
18930
20579
48536
9047
45810
39649
39648
36677
39887
36674
39880
37274
18538
8913
16265
8914
21540
44140
43903
18822
44633
18820
33936
18312
34258
37292
11194
18640
763
30597
766
37299
39508
24319
3041
24316
49482
39503
17641
6870
35064
49932
40109
5374
20373
47846
27416
40001
22899
40007
3640
31264
4330
41714
50371
46607
18004
33808
40626
20204
24269
31662
35686
24267
30316
34322
37103
51727
29041
26534
31409
28939
39932
47719
43638
1328
47362
28937
28925
51511
26539
30912
776
8686
8139
51519
13911
8689
8131
48836
27067
25581
44858
50991
49029
47620
34036
23171
25809
23175
7737
38274
34038
19199
35347
31311
50593
22558
31319
37288
11213
31087
6730
31083
4111
11219
23317
8197
30970
39096
46744
51427
51350
46746
52247
27793
27796
6869
16520
25330
51941
26818
46558
48939
25339
48379
14372
22429
23402
39113
52208
39830
22670
2970
22137
46253
23794
4061
39832
25904
4068
52333
46720
11501
27087
5786
25115
5783
51731
51221
51220
21030
19539
42411
42413
25794
16637
52658
42418
35692
25793
12745
52497
46702
51645
19226
43926
43436
46177
19229
52490
46353
7930
17451
38873
21789
10673
7938
9456
42387
21783
21782
13342
25248
49599
4459
33761
36086
36087
13580
46285
46284
52193
46289
46288
36245
36714
52199
41875
36717
52424
42091
21815
24862
46774
42016
37946
26118
43657
21818
48634
5169
2643
2646
2647
46754
49729
22947
52608
21360
37445
37444
22949
38473
38474
17580
44732
44731
45154
45156
6337
6330
4859
38403
42892
46593
18496
41935
9072
44281
52200
14910
10291
45022
49345
34800
31118
24043
1856
9672
46921
50046
48290
37454
21761
43469
47737
36067
37049
10582
45734
8908
10588
37041
8901
43610
44462
44467
2919
34651
49497
37913
26939
17919
17914
26930
27714
49902
38682
49294
37623
38685
30699
1060
1063
27401
1064
44515
1665
30456
44518
6591
30676
34318
30679
37829
40639
35998
44993
44990
50342
52472
5414
31670
27532
7636
17866
44276
34246
37130
47434
37134
47438
34249
4217
4213
34117
447
34111
31414
47766
5779
23098
40523
34095
51509
51489
36233
50248
42987
39314
27650
27657
7708
7709
50299
50246
29141
50292
31074
31306
23324
50466
35374
36723
16215
31308
31592
46448
50394
31091
25404
26432
34751
8347
47368
11221
50125
42822
40251
46810
51344
48999
49371
35975
3377
28926
35971
25900
28922
3893
39223
42989
22435
22437
25659
47568
3465
26320
35572
36135
51236
5952
52858
51232
52852
38584
50634
51720
50638
39138
51725
52294
36375
52299
3631
22054
42465
35400
22050
22051
3507
25016
26210
26218
45602
19230
19232
232
34649
27340
19989
43422
27344
21798
38863
16991
52075
9111
9113
21793
9114
46611
41865
25470
4466
42557
13370
36279
36278
2127
44770
946
49397
10495
36274
49001
49006
52454
49004
42011
42067
6034
5173
39790
42287
45580
48359
5174
45235
39798
5179
20171
37458
34521
38714
3412
36184
3410
8023
37450
49223
46900
21376
7387
3418
20772
44728
16847
38469
36476
38464
44726
30188
31182
13481
42600
42603
13482
9684
14101
9067
14108
51651
20519
9665
42840
21575
49350
36980
37054
3560
21770
37053
22844
36697
36691
22840
36693
36692
13395
43065
52217
52516
42112
36505
48196
10598
37581
48191
5334
38860
18669
37909
38715
44472
48778
89
20351
20422
38075
26925
26922
14610
27439
31127
37636
48538
20199
43063
44500
49136
31503
44057
14297
40026
1651
40022
31214
40357
40604
6587
30663
50891
34346
47550
589
50358
7622
24209
35981
17878
2832
2831
35987
47950
20227
47954
27509
14725
31642
5408
34231
37125
52657
25955
29027
29025
4261
35183
3826
1340
34692
19804
34164
40512
40510
40515
51535
23085
50754
14431
14430
45076
24515
48254
50758
39300
24512
47398
38094
38097
38096
29152
29153
1504
50282
8597
34585
47393
3080
31333
47173
22201
35363
5890
3887
48984
48256
50136
51401
3888
51405
47085
35962
7408
22335
22334
31429
31428
22440
22114
19739
47020
22449
25647
19731
16050
22643
43098
35563
48375
51716
36072
13711
34730
43704
43253
9895
24737
43160
9890
24730
9893
19429
50627
30314
19559
25005
43891
52287
19883
52289
19880
3624
22065
46492
42478
35418
22593
12768
47201
50067
6136
14257
49127
50161
51666
16297
16295
10942
51881
25487
46629
36540
38898
52310
9473
48393
50238
49107
38890
36264
51852
16270
16272
13360
13362
24994
6004
7648
39242
4901
13562
42275
51048
46029
52447
46757
46026
11701
49030
995
46244
49215
21343
42293
9277
24199
36865
48342
36860
36861
51043
22927
51042
17013
22929
51521
51040
16877
4872
41924
36468
38412
48760
38414
2069
2798
45135
42612
42616
13494
2067
45824
18471
44263
38003
46803
49222
10129
9651
9656
21588
9654
21587
21581
17497
37025
21746
37027
7240
37028
3576
20696
22850
21377
20989
48182
21375
36041
36510
18619
37922
36470
44400
18615
2930
44406
47042
45913
40691
33784
18580
20438
1642
38666
38665
20188
14282
14933
13038
8811
37484
40030
37334
13037
30476
18903
8818
18724
30651
40613
37801
37800
8747
47561
11098
30300
575
8216
7650
7653
18291
18293
41742
18299
3160
37306
7096
31659
1423
29014
5436
47969
7091
20234
30788
27516
47991
34223
2157
42531
30277
47417
47415
34066
47411
8105
47984
34179
4277
23524
8102
35175
34060
36776
5556
6482
43329
44887
25854
26777
14423
26775
26774
39330
29162
29161
38085
38081
51447
51185
47180
49182
34577
48456
23631
23630
23633
23632
39206
18486
6553
27746
39208
28942
34687
25927
50386
50384
50539
50389
24431
50431
24437
35225
35555
50407
22455
22109
51386
5875
23989
11559
26348
23456
43718
26581
27157
21226
51257
48691
26589
52871
30783
27297
45839
13704
24726
50543
22216
22217
24723
7502
50650
51967
48885
10449
25075
16602
43888
21005
12779
23854
25132
49455
2328
44139
16288
16283
10956
10957
16286
52019
46329
16467
46323
52013
25296
21179
16266
24988
24989
25456
36216
17643
25104
24980
52382
17646
43660
4632
2492
13554
19894
44597
51539
26169
51339
25584
43060
36694
46741
52475
46035
26166
26167
24856
22736
10048
17026
19558
13524
2471
21357
36852
36851
9268
36857
42913
24114
20759
110
49596
36221
22916
4096
16868
31450
45335
36456
36454
38407
38404
2079
10601
45459
45458
10604
49113
6304
2070
45674
48574
14129
46060
14127
18465
18463
20539
44271
52723
44207
46818
9319
21597
39681
17738
42825
20997
39685
18862
7273
48194
7276
8951
49685
22867
3505
49682
46061
42133
42132
2675
36522
37585
6835
44413
48791
26909
2927
34961
20402
10553
50750
18591
48401
52096
48402
39757
38651
38650
38654
45077
18269
48082
36140
13041
18265
18048
562
30641
33685
17810
33686
18283
44091
25845
7649
12975
39435
12970
35394
7081
29002
29007
20241
3375
30799
27565
48772
30260
30264
34217
47401
34213
20722
52194
48173
13958
45199
23539
35162
13952
13951
39324
27620
38597
27625
44895
11173
24538
14416
38227
24532
24536
1568
47575
31223
31222
52040
21236
1565
33864
46202
34789
24024
35302
47193
47190
44580
12807
51463
13828
34546
40403
50427
13823
30565
46206
40409
39212
30883
24401
48967
4394
27751
35948
3191
50429
38341
8489
50424
50425
50390
35765
3198
