19807	8138
39814	39821
14257	4136
9047	9042	4152	5161
911	17183	17026
13941	13715
47080	38487
38412	4440	4440
30540	25225	19147
24199	16455	23658
34066	23350
34981	34106	34106
6070	2198
18854	11501	11501	4440	12873
37621	11683	11683
35527	5922	20695
16297	6711	6004	4440
6432	5372	5372
21662	6807
43634	13618	13618
27485	25817	26597	44578
6059	5957
34318	30679	26485	27672	26939	6609
16270	16272
10048	2099	7744
22850	20849	20849
3080	2589
36086	36084	36084
20620	12922
29000	48725	51881
10891	10532
1153	1011
11620	11648
35627	4859	4859
26986	805
6986	69
36388	8125	8125
19880	435
48538	21198	13362	13362	21198	43258
6233	6232
17580	13900
47530	8248
45135	4859	9890	9890	4859
2157	20614
2865	2862
25545	23860	23860
34687	6963
46741	38488	38488
43657	41941
37922	6671
47991	41951	41951
50882	48536	49738	50299
51001	23350
6382	239
35341	35315	35315
30883	1628
6587	3356
48836	13183	13183
24571	17993
39991	4984	4984
9377	3442
44580	38718	39856
27632	26032
38028	30569	30569
52712	52782
42032	39100	13867	39100
5457	589
49596	36814
30788	13183	26939	30679
14334	1911
27723	13542
5841	2796	2796
102	159
289	11
18142	14799
47417	27719
30912	20085	20085
51043	36007	46134	36007	46134
4261	2615
11571	6304	6304
6802	441
26218	5922	23820	23820
40357	16806	16806
9319	4887
36220	34106	34106
8347	823
20604	2157	20614
31306	27446
8627	4864
44089	10504	13823	13183
47846	13362
40261	35015	21935
14372	13110
13828	17442
39790	2038	1815	4393
44802	10	37303	37303
37886	1596	1596
19606	442
7982	862
13181	13164
19971	1043
45777	7807	34683	34683
24087	13183
11590	3065
3640	2589
1573	9
16433	8225
11567	543
35590	20290
8870	7779	7943	21347
39806	37354
51271	402	402
39552	34497
20722	12771
36067	30569	30569
6216	2486
27281	12975
40678	20849	20849
49793	4859	4859
7553	3960	6806
4213	2952
18147	2079	1980
11351	11427
35714	33884
19883	10	10
50486	3515	3515
27121	13183	13183
36076	27151	28926
30188	30178
5305	823
2930	1665
24469	2041
17501	3620	3620
8023	8022
9651	7240
8818	8815
22216	3624
43368	3515
48463	48456	48456
37672	22690
27657	17386
25663	18312	18312
39042	39039	2173
45564	45511
10399	10379
49412	5046
46860	46809	46679
40109	9542
1237	441
51992	10775	10775
13231	2041	780
28990	8933	13183
26952	24686
47048	23031	42005
40170	34236	34236
44660	13183	13183
51680	40393
26526	25745
25367	11501	12823	27355
36980	13183	13183
35540	23796
2939	20184
4629	1860
5801	2589	3087	5599	3080
22560	20614
50238	25320	50245
9456	9354	758
26539	18478	48756
39487	10
10837	9322
193	3424
20311	13183	14675	13183
10495	2026	2026
38414	34870	34870
50997	30569	30569
5204	5161	3965
35064	34800	34800
52127	42251
10601	3330
43167	13362
6163	2939
52217	34106	34106
10361	5730
27860	22114	22114
20446	20357
43888	34106
51290	14085	14085
39034	11442	31336
49242	13362	30569
36522	36306
34497	7665	16629	20162
20606	13183	13183
31546	23090
35162	16846
45745	9070	9070
2647	454
20373	4440
12931	1703	1703
50856	3515	3515
37445	2952	14269	35468
8022	8023
16272	4305
44791	24373	24373
17150	4901
24024	5040
45574	30569	30569
5106	20639
16022	10957	10957
39887	13362	26939	13362
21954	21941
26320	6063	6063
18398	441	5800
13896	861	5538
35175	21155
48947	40523
25354	13183
48074	35862
20241	10824
12970	9245	9245
38441	38384
31624	26780	730
52088	31417	31417
26476	3983	3983
3991	3624
11039	882
22643	2589
50650	14692	14692
52540	13618	38751
49044	21783	30569	30569	21783
35914	4859	4859
39435	13183	38706
46206	27491	27491
24331	8871
5272	3492
17497	16674
52131	43970	43970	14054
4061	2326	776
3198	3183
46744	7982	7982
51221	13362
48033	47417
47193	14054	14054
52329	52328	52328
52137	7844	43970
18048	16719
21761	20666	19137	21678	19137
2486	301
40022	39990	14888	39990
36373	30569	30569
51006	49478	49478
47911	34106	34106
25647	7276
31511	7043
48579	25959
6330	3377
38280	19593
24338	21963
52723	44301
27087	1615
50962	50931	50931
51881	51248	51279	51879	51357	51443	48725	29000
44936	4859	4859
38633	38441	38441
49924	18777	49353	49353	18777
38654	22849	22849
52211	38241	38241
49902	47105
12948	12967
42948	39410
3078	270
27586	7043	7043
36255	27355
22949	22897
49497	49482
44529	43877	30177	43877
50425	13183
24856	24583
51709	44941	44941
4091	1340
21798	5922	14051	5922
18022	14165
21030	703
24291	3874
38855	34106	34106
34647	27672
27298	18708	18708
52692	34106	34106
25063	7043	7043
189	105
51170	20814	18692	18692	20814
6304	730	46221
18354	17523
27344	13347
44824	2589	497	2589	610
19692	13065
49199	34106	34106
38898	13966	13966
39648	30569	30569
50868	44805
25288	19147	13183
46202	5922	5922
991	48200
9072	9987
27714	9926	9926
21620	9418	19478
40410	26089
25418	14274	14274
34519	13964	13964
40389	27355	4440	4440	27355
45458	39542	39542
42655	30779
47401	12870	6545	12870
38714	39153	39153
13731	18862
49193	36115	36115
44700	30569	30569
51847	34106
44372	2181
44578	27485	39354
38094	20085
16265	8770	16053
6136	6053
46754	25537
30970	49599	49691
43904	34300
14269	2952
831	983
31165	30569
18486	6058	8368
43138	23548	23548
295	289
23630	6545
19731	14085	4864
46817	44258
39063	52782
5695	10247
23115	18688	18688
6169	4924	5572
40482	37303	10	10
13610	1538	1538
33692	31417
48200	991
41714	4859	4859
38464	3198
46689	13362	25705	21703	42495	17536	25091	28990
39441	10	10
27491	21783	30569	30569
49958	38706	48984
16283	16266	3748
16637	10990
37125	30569
309	43168
26274	12953	16192
39922	39791
31592	30569
21597	18532
52632	1596
27204	9653
13752	823
9113	7525
48148	13362	13362
34468	34179
45658	5922
22065	21767
48967	730	730
7708	17792
22201	10598	6541	10598
44913	44887
19594	4859	4859
27250	11346	11346
36072	22299	22299
47841	47607
40604	4440
49470	13362	13362
44628	30569	44633
35987	17493	36118
4127	3924
3576	226	1013
6405	217
8597	1497
18925	17821
34853	24431
31285	3515	17037
45444	45278
42209	1167
45808	45612
27091	16950
48342	4780	4780
8940	8933
5174	10	1911
44382	9938
3346	10129
35136	6807
23324	23311
44967	37949	37949
4632	10197	890	52215
50311	16847
46230	12766
31450	12975	12975
23754	22560	16006
52161	30569	30569
44543	13362	13362
38956	11501
35850	1932	1932
46629	16674	16674
24119	22457	3515	3085
52364	40464	43660
18750	4859	18492	4859
8631	767
40026	39971
35045	34106	34106
13694	5018
9709	6104
19637	19137
23291	2157
50046	14692
39856	38718
39330	37926
5588	3220
36744	24570
10319	6946
51344	5922
38118	36168
43866	19471
49215	11250	10504
1423	10	1011	1011
45958	11114	31417	31417
39769	730
47871	47758
8289	529
6917	6751	6435	4712	6866	1677	25
13855	920	7968
26946	5148
26210	2346
31083	18561
27374	17641	17641
31127	6541	25900
22449	10
40098	19312
11559	77
49398	10990	10990
2767	8458
18299	18265	7807	18265	14692
39316	39104
52021	16960	16960
39215	27202
26828	12873
31467	1538	4859	1538	4859
20332	20334
52407	50197
3160	3115	2643
48133	9027	9027
52431	7915
29161	6200	26314
18954	5902	16846	2736
7798	6070
39547	34818
47876	34106	34106
25753	7410	2312	2312
52555	12765
26413	19241
43116	5695
39300	30569	30569
11219	11086	7943
31319	30569
37541	21005
48536	25481	48559
10504	11250
40388	30569	30569
51371	30569	30569
13580	12942
2302	6531
46272	34106	34106
7354	5312
21066	8105	6251	1677
23633	22065
49260	40573	40573
48984	48970
44541	13183
23506	12765	17385	19785
40266	29149	29149
49092	13183
35981	10247	35023	10247
51917	31190
42287	38282	10166	10166
7298	11066
47368	37598	42120	17839	17839
49107	17984	17984
21077	21075	20184
21648	18920
48127	31488	31488
7268	4939	2865	5871	2862
52193	13362	13362
12847	203
46607	13183
37103	37054	37045
37581	3363	24319	26949	7254
35500	6889
7522	8042
47984	17026
6353	6233
50944	13362
575	25	394
50249	45101
42221	704
6174	2759
14101	1874
52219	798	798	50879
25207	25134	21783	12762	17385	24298	24169	30569
46366	13362
6564	6566
25330	25339
18724	4859
48256	48242	42874
27484	9204	9204
22665	9027	9027
24737	22647
52823	51048	39063
26196	983
49461	13362	26939
34103	10590	21692	21692
44248	10990	10990
31126	27491	27386	30569
17878	12936	12936
24676	12787
42380	24980
52483	16691
34060	21075
7839	26
34975	13183
31213	29131
52423	52424
44263	4984
26716	10504	13183	10399
45262	10
8533	3521
447	442	295
48456	48463
14403	7076
30707	17121
39698	39050	39050
9160	2723
23360	5015
9329	2
21992	13792
27007	4859
36538	30246	30246
38003	38004
47561	4598
34459	7043	7043
37946	27485
51401	30569
37088	30947	30947
34095	3220
52316	4859	9890	9890	4859
38081	37006	8933	13183
7276	3490
45788	25584	25584
38429	3396
40465	26915
4217	2615
42244	9484	9484
41901	14054
9773	9646
3220	34095
24267	10	24341
14015	14016
3356	2905
17153	14448	14448
37650	34106	30569
35283	36568	36568
19031	3598	18615
3505	3490	13086
11470	42189
37764	7601
45685	28925
20579	7807	14692	14692
7940	7916
23226	19031
31255	27355	27355
47766	20604	20604
39917	1319
30676	30571
8951	7821
40648	40628
51286	9250
52593	31164
42358	30569	30569
51272	30656
19651	9008
26485	26459
50460	50403
37700	22114	22114
51768	47950	47950
10197	4632
52194	27532	27532
9589	709	9621
27237	12771
42721	730	27100
22522	8314	8314
8811	946
11642	9176
34223	30513
35067	24630	24630
40093	2684
27129	24298
20726	19283	16462	10390
19490	6997
44974	25115
43638	19036
51840	13362	13362
25638	11470	11470	42189
4872	3220
23692	730
36975	36836
24515	10990
4196	2874
6746	1598
20467	9027
5029	4439	4439
30818	30227
52179	13362	13362
20313	20311
21193	21185
16294	2340
11125	6955
18716	5853
45602	34966	34966
50099	10990	10990
1565	122
24319	21630
26432	14909	9198	277	7860
19650	5175
42245	34106
26348	12870
35939	30807
11451	610	4523
37134	30569
26500	26459	12870	26348
11194	6732
30679	26939
24303	10653
39710	38120
39581	39263
37334	37342
22395	3559
52288	52287	52287
52158	1319	41731
11213	10734
43120	19241	48052
10380	73
44576	34064	44440
12768	11567
34036	30767	30767
44400	30569	19137	30569	19137
25440	19283	19283
24741	16255	16255
25793	25016	4091	7741
30192	9926
30322	9926	9926
9326	1304
50196	34106	34106
8458	10553	11648
51185	50764
41875	37998
25828	21650	21650
43718	10504
47262	23217
43324	5922	5922
16324	9364
29002	7695	7695
34077	31146	31146
21376	4091
995	3330
45162	40645	40645
47287	46345
20527	14054
24980	20485
37636	24980	21620	24980
48263	6158
20614	2157	20604
28926	27151	27524
2952	16581
23456	6132
30571	30381
50027	48186
18989	18394	18394
39389	13183	13183
20204	14280
22975	4440	22916	4440
7050	4440
43035	13342
9536	9535	9534
7622	7256
23735	13183
42005	23854	3220
4394	2993	2993
5334	5282	497
40403	12873	12873
45982	36363	36363
2067	289	2069	1063
35483	9646	9646
35394	35418
39367	22574	22574
37834	37439
1483	250	250
43203	23665
36957	27514	26939	30788	27514	30788
11114	19147
13951	10737
7866	7798
35015	5224	26100
25431	25196	3515
38135	23860	23860
42132	4872	3220
36029	30569	30569
18557	4859
36799	11322
19664	6451	22511
21463	21498
42387	17723
5117	4280
22282	20126
48735	45960
35271	14663	14663
47257	9218	9218
36586	34106	34106
20695	5922
4188	10888
49181	8887	8887
11098	10706
48574	13362
5065	5064
22142	19566
4253	4192
35913	34714
17643	11701	11701
37548	11672	1023	25296
14696	4859
8908	5106	7234
12794	11648
48972	30569	30569
9284	8138
3206	3129	10
22050	16	35428
31474	12765	25531	27466
37336	37127
14895	25212
34098	33864
31033	9924	6541
45650	9240
30389	19432
8861	1949
47180	45092
16868	13845
34577	11526	21469
49925	49927
16663	16649
20188	18126
21815	8245	12779	7708	8245
11322	8803
45759	27143	36640	36640	27143
8102	983	1772
45296	13183	10504
48218	45278	47103	45278	47103
34664	17385	30569	17385
36723	6447
14297	598
45315	43808
44247	46689	30679
35555	2643	2643
27401	4609
52165	17438
27067	2340	2338	17895	17895
48212	25043	25043
44370	34106
27274	25522
42010	13362	13362
6591	489
26534	24730
26166	25975	23350
39261	29142
47103	47950	47950
50764	49478	47475	51185
18471	8933	8933
30674	5991
52490	45648	13362	13362
38245	34106	34106
37722	29149
23402	17855	17855
49424	2589	2589
20102	14051	5922	10446
20461	20085
51236	34106
18719	18720	18720
10824	14211
47520	44265	44265
36317	30572
36734	30569	13430	30569
10187	8824
52186	23802
42825	42808	42808
1497	1504
49685	34481
51696	42194
35468	11322	2952	2952
3592	3589	3601
41770	26210	1642
14904	26
24359	17993
35941	19147	19147
45864	28891	28891
38807	10990	10990
49029	30569
7595	7585
31591	12771
42616	27100	23692	730	39293	26780	11615
24751	2310	2287	22190
21782	13183	13183	5813
27349	983
10388	991
26032	4859	23820
2310	2287	4413
36099	14051	14051
20949	12975
49467	49350
9893	8834
34322	23350	23350
11447	69
13877	6021
52360	43917	43917
49544	30569	30569
31583	23350
51633	10077
9035	2907	2313
36233	23849
48791	18198	44026
19804	18669	17821	19232	7943	18669
35431	27355	27355
50033	13711
46096	41795
49136	49142	49746
6251	1677	1677
6531	2302
44467	27404	11023	7650	7650
44171	10990	10990
22017	19083
27297	5234
3826	3804
38487	35418
36476	33696
46791	7687
48265	17122	13362	13362
10942	10931
51415	18720	18720
42451	7807	7807
12936	16446	21041
43160	34066	34066
50566	4440	4440
20708	4440
833	730	730
39212	24666	24666
35158	7043	7043
46527	23785
5028	788
50424	7968	7968
4096	3796
31475	21979
24326	11066	3377
24538	3907	543
34986	34106	34106
45335	17709
36624	9027	9027
37196	23127
6963	4602
39047	423
36274	35428
49397	7656
47393	17811
17438	5809
34521	973	973
51849	51829
42204	12873
36852	10	10
11701	6592
38810	1866
2437	1805
3278	2966	802
42488	37045
52340	49231	49231
38983	37439	37559	7585	11501
110	10
17217	14448
35443	30569	30569
38022	25263
20334	14297
21587	21469
45314	730	730
7263	4978
50676	39908	43808	27225
7783	5334	5282
34717	9646	9646
20495	20494	20558
28989	14834
39880	1319	1319
43834	35813
38454	30569	30569
44901	43268
23171	6132	6132
33685	8642
38361	36405
5709	730	730
39764	12873
35975	780
18549	9926	9926
36746	29101
9884	9793
7585	6955
34982	11594
14761	4901
26519	9175	12953	17833
21678	17385
30585	13745
48222	22726
4186	2305	2305
35513	9499
27355	18854
37563	4213
10792	8912
39704	35469	34243
51589	51509
23005	4859	4859
38085	21544	21544
13360	730	730
44575	7236	7236
10604	16
43357	20467	9027
20456	6545	6545
51083	51072	51072
21236	13242	5538
46866	13867	13867
30476	19147	19147
13038	911
49766	47736
47606	34106
24487	4859	4859
47438	47439	47439
50161	38875	38875
27314	19808
31515	14074
19763	2017
35971	34106	34106
47586	35723
20772	3490
5169	3485
18265	14692
45154	7053	10816
4757	2041	2041
30350	10
44392	441	441	49898
4651	2720
22168	18854
44895	27714
48628	44187
47660	46679	46809
47042	30569	30569
1060	529
45068	10432
30496	26939
42773	38488	38488
39100	13867
37130	1224
22435	13362	13362	26939
22623	17907
43520	3616	21632
29025	18140	18140
17919	10190
40019	38908
36176	21090	21090
11645	11047	11323
35418	35394	6807
19132	5801	3080
21396	9277
30873	6807
28898	7288	7288
34316	13437	22863
11623	9646
17382	5845
52557	14612
44457	18140	18140
52782	52725
31290	30569
17035	9926	14209
14127	457
36691	34818
9654	4066
38473	4859
41693	34106	34106
47472	39113	39113
25212	8815
48142	16266	3748	16266
21941	17709
42988	7319	2952
26825	10930	10930
23655	23630
28937	26459
46573	44451
35948	34966
48336	13867	13867
18591	14692	14692
6880	6541	6541
44342	11501	12873
27509	26432
40686	39243
5875	1573
18669	4213	14297
34789	22299	22299
40278	35351
48379	48344
31428	6526
39885	38718	14049
17155	13482
29052	13362	13362
40166	40113
36470	17180
50466	19147	19147
5173	2305	885
31146	10990
38035	5922	5922
23836	5902	2736
6448	5040	5040
25564	13183
8686	7854
31429	6383
49127	4859	4859
50925	31372
35692	13183
38603	13362
22114	19574
2069	2067
47173	30178
12850	22365
21377	13183
26551	26491
38784	37884	27143	25829
44658	42005	42005
35222	31535
8105	798	2495	1887
27439	1083
35998	36027
39743	11047	27143	11047	27143
21818	11114	19147	11114	19147
35452	30522	22394	30518	30522	4598
14621	44130
36424	21783	30569	31126	27491
38469	4413	2310	17438
26978	14621	14621
34001	9027	9027
20851	13347
50429	10990	10990
4602	3521	250
27340	21783	21783
18463	9876	18028	14051
26939	9646
23175	17385
27458	27446
47061	47048
31106	730
10379	10399	13183
21783	17385	19137
38873	38732	35723
34384	3080
31264	4859	4859
20666	17385	19137
39014	37127	27225
52148	52121
11250	10504	13183
18894	441
42307	6543	6543
40534	36981
42456	14015
27565	5922
23098	6915
18036	2157
3353	3375
31184	13524
16734	13958	9475	5246
13481	1064
48674	2310	45092	45092
40487	30569	30569
35225	35202	3080
43308	11165
44695	44696	44696
50246	47715	47715
9473	145	145
45459	22088	36522	36522
45667	36049
25845	2589
17641	3080	5599	8944
36958	10990	36352	36352	10990
7586	10
29153	17767
50895	50882
7636	1224
39567	4984
37712	16872	16872
25404	13562
50389	13867	13867
19539	3596
24547	3271
42739	35501
36151	34745
37762	35590
20890	7419	6740
46221	6304	6304
17137	11240
5119	610
52687	34106	34106
3804	3826
31143	31141
13958	14853
20007	5408
49365	30569	30569
22348	21408	633
39182	2838
27796	5922
8518	1153
42211	16806	4859
20558	20495
3488	2952
11633	2684	6503
36301	35710
22190	22179	9654
8463	2571
51742	45648	50590	44771	42820	48380
51697	49636
18312	981
22474	20252
52497	13464	39072	39072
13677	13516
25132	8197	1911
48194	46921
25091	5538
5262	3198
45798	31488	31488
36606	34106	34106
37354	37103
40031	13183	39435	13183
44693	36964
50712	49043
40523	22929
22881	22826
22296	13482	8768
36172	16959
8442	3070
3983	3748	3220	3984
35572	34106	27688	34106	27688	30197	30569
21842	9027
5783	2589
44027	37251	8933	23350
24060	23187
49843	30569	30569
7938	3461
38220	21692	10590
23694	14417	14417
21335	9685
8139	2041
46284	14054
7916	7940
31488	9245	5922
38686	18894	589	5457
47230	42531
8300	16374
35611	17984	4440
11501	6955	11125	5067
4170	3080
27751	4859	4859
50371	2157	2157
1665	2930
42666	42664
45689	18862
36930	13183	13183
23379	21544	21544
51754	8225	8225
20268	10957
11259	6
4846	2807
4688	1023
49113	14369	14369
36456	11254
52500	23350	23350
33915	34461
13753	10615
30575	730	730
24726	10	6971
13482	8768
50685	35575	42830
23615	23417
26890	23350	23350
26774	13183	19147	19147
44975	10
46890	203
18146	16062
7319	2952
24294	7807	14692	14692
49942	11114	48760
27793	12762
47966	14417	14417
22179	19478	328	22190
21588	18955
17539	7775	7775
38597	38193
43513	43413	43413	22864
37444	31306	31306
17892	5687
30497	27874
2779	145	1451
20290	8564	5304	5351
589	441
37025	35057
14431	13900
36231	26483
33761	11358	11358
51645	776
22289	14623
19038	2764
7315	4651
51042	14692	14692
48725	37998	29000	51881	51248
30277	9562
38978	18126	18126
38801	14515	14515
20139	9987	9987
48669	48719	48759	48724	48783
31308	2796	14082	2796	14082
19739	19731
50271	49898	44392
24994	22864
31604	17385	30569	17385
37774	4440	4440
45839	1083	45767
36041	35500	35500
10356	5730
48254	24003	13445
45674	13362
38075	14209
3377	3375
6482	6498
17555	1153
16050	16036
37274	18561
20257	9747
23296	23090
22558	11322	11322
46921	37793	5922	5922
47324	13183	13183
22341	11698
16999	2007
40268	5922	5922
35020	34106
38890	11346	11346
36390	33777	27672	13362	13362
38750	26939	27672
3888	529	1060	3887
35358	19709	10226	19709
16174	2952
22429	13362	13183	13362
6358	3377
31503	26261	26261
42645	23420
26075	4440	4440
7563	3125	4936	7579
17183	17026	911
21375	11537	5076
37998	29000
49209	13362	11114	48760	13362
17122	10735
49606	48970
4098	6
46289	42600
23780	23462
27482	185
50170	4440	5408	5408
35514	35513
11672	37548
24369	20234	20103	13966
42668	42664
51719	736	736
44495	18557
36434	36203	36203
49847	49837
38706	30754
8944	3080	5599
5134	730
23868	6531
31223	14895
44139	25584	25584
14144	11728
26581	26262
23346	10694
35321	30569	34106	14054	1162
9027	7144	7695
38205	37931
30197	6541	20889	9926	30569
36847	10990	10990
21090	1901
23722	13362
46172	34106
22455	5193
38938	11070
24979	13464	13464
13225	10390	5317
46905	37949	37949
44900	3960
33856	27491	30569	27491
19478	1504	1497
22151	17656	20517	19103	16649	22149
46111	37103	17969
42880	12857
50067	47715	47715
46052	39139
9895	1925
26674	6397
23305	11346	11346
42791	8788
45241	21431	21431
30264	21957	18265	18265
21419	10990
20696	5000
3025	1677	1677
1904	292
7648	886	886
5046	2952
17810	5633
42411	31083	35643
13395	6807
11038	4720
22985	22014	21557
42206	35225
39932	10504	39435
9554	7982
24666	17385
51769	18108	18108	44130
755	763
8747	4410
5863	2624	2624
36291	2952	36049
48939	11250	10504	11250
24196	10251
46593	27355	27355
40181	13342
44694	30569
2041	3328	4757
18516	18522
22815	21456
9568	9035	9035
5618	10	10
38274	16581
25125	2041	2041
37829	27202
43436	36557	36563
39727	30569	30569
27620	25290
44666	34106	34106
34553	13972	14828	911
8689	5309	5309
35489	30823	30823
13041	8505
37751	27650	27650
42693	27151
4828	203
26615	6572	25500	18295
46244	39487
52391	52399
30979	730
21405	17239
51695	9793
50166	50168
34038	30569
13608	21770
37913	26482
27040	27012
39206	730	730
39745	17258	17258
38106	44130	44130
34667	25940	25940
44515	6476	13221	13744	40217
20297	6306	6306
